INIMIGO 1 1000 240 -10
INIMIGO 1 2500 310 -10
INIMIGO 1 4000 180 -10
INIMIGO 1 5400 280 -10
INIMIGO 1 6900 350 -10
POWERUP 1 7000 77 -10
INIMIGO 1 8300 140 -10
INIMIGO 1 9700 200 -10
POWERUP 2 10000 60 -10
INIMIGO 1 11200 260 -10
INIMIGO 2 12000 310 -10
POWERUP 1 12500 300 -10
INIMIGO 1 12700 220 -10
INIMIGO 1 14200 170 -10
INIMIGO 2 14650 360 -10
POWERUP 2 15000 270 -10
INIMIGO 1 15700 280 -10
INIMIGO 1 17200 250 -10
POWERUP 1 17500 230 -10
INIMIGO 2 18200 130 -10
INIMIGO 1 18700 230 -10
POWERUP 2 19000 110 -10
INIMIGO 1 20200 300 -10
INIMIGO 2 21100 180 -10
POWERUP 1 21500 310 -10
INIMIGO 1 21700 210 -10
INIMIGO 1 23200 260 -10
CHEFE 1 1000 25000 100 100
POWERUP 1 26000 90 -10
POWERUP 2 27400 340 -10
POWERUP 1 29500 220 -10
POWERUP 2 31000 180 -10
POWERUP 1 32800 270 -10
POWERUP 2 34400 390 -10
POWERUP 1 36000 160 -10
POWERUP 2 38000 120 -10
POWERUP 1 39500 240 -10


