INIMIGO 1 1000 240 -10
INIMIGO 1 3000 100 -10
INIMIGO 1 5000 380 -10
INIMIGO 1 7000 180 -10
INIMIGO 1 9000 300 -10
INIMIGO 1 11000 120 -10
INIMIGO 1 13000 400 -10
INIMIGO 1 15000 80 -10
INIMIGO 1 17000 360 -10
INIMIGO 1 19000 220 -10
INIMIGO 1 21000 50 -10
INIMIGO 1 23000 430 -10
INIMIGO 1 25000 280 -10
INIMIGO 1 27000 160 -10
INIMIGO 1 29000 360 -10
INIMIGO 2 31000 240 -20
INIMIGO 1 33000 140 -10
INIMIGO 2 34000 180 -20
INIMIGO 1 35000 300 -10
INIMIGO 2 36000 80 -20
INIMIGO 1 37000 390 -10
INIMIGO 2 38000 100 -20
INIMIGO 1 39000 320 -10
INIMIGO 2 40000 420 -20
INIMIGO 1 41000 200 -10
INIMIGO 2 42000 260 -20
INIMIGO 1 43000 350 -10
INIMIGO 2 44000 60 -20
INIMIGO 2 45000 420 -20
INIMIGO 1 46000 110 -10
INIMIGO 2 47000 300 -20
INIMIGO 1 48000 370 -10
INIMIGO 2 49000 220 -20
INIMIGO 1 50000 170 -10
INIMIGO 2 51000 410 -20
INIMIGO 2 52000 200 -20
INIMIGO 1 53000 260 -10
INIMIGO 2 54000 330 -20
INIMIGO 1 55000 120 -10